PWMs	pwms_0	pwms_1	pwms_2	pwms_3	pwms_4	pwms_5	pwms_6	pwms_7
pwms_0	0.0	87.74368604342254	28.565821951044615	26.003831758449664	32.19616927647585	55.56397508262884	51.07132276661939	78.80321553486904
pwms_1	87.74368604342254	0.0	63.68502479398244	95.02521009815509	69.33477390772447	76.10365088263794	45.460190058167626	37.53779402884717
pwms_2	28.565821951044615	63.68502479398244	0.0	53.755911511755414	31.7641126552873	37.1732583121979	37.21432133473793	74.88436035199405
pwms_3	26.003831758449664	95.02521009815509	53.755911511755414	0.0	47.57011100752764	39.79535727436839	43.42099660478381	96.40839284833328
pwms_4	32.19616927647585	69.33477390772447	31.7641126552873	47.57011100752764	0.0	87.1628112022527	45.20446467729849	89.46804812411908
pwms_5	55.56397508262884	76.10365088263794	37.1732583121979	39.79535727436839	87.1628112022527	0.0	41.24410864398649	37.04387062175941
pwms_6	51.07132276661939	45.460190058167626	37.21432133473793	43.42099660478381	45.20446467729849	41.24410864398649	0.0	57.16969615737629
pwms_7	78.80321553486904	37.53779402884717	74.88436035199405	96.40839284833328	89.46804812411908	37.04387062175941	57.16969615737629	0.0
